Luke Broussard
1/30/2026
DSA
Dr. Carl
Complexity Exercise

____________________________________
        MergeSort   SelectionSort  |
1k   |   0.001        0.006        |
5k   |   0.001        0.015        |
10k  |   0.003        0.032        |
50k  |   0.017        0.607        |
100k |   0.03         2.542        |
500k |   0.082        48.804       |
1M   |   0.137        196.393      |
____________________________________
Output for MergeSort:

@luke-brous ➜ /workspaces/dsa (main) $  cd /workspaces/dsa ; /usr/bin/env /usr/local/sdkman/candidates/java/17.0.17-ms/bin/java @/tmp/cp_8lo3hfpvr7dvye0el3mxs52ct.argfile MergeSort 
Enter size of array to sort: 1000
Do you want to see the sorted array? (y/n): n
871 1468 2113 2223 2326 2611 3284 4822 6519 7217 8810 11434 11832 13274 17353 
19195 20423 20445 21842 22155 23321 24618 25141 26839 27136 27493 28283 28989 29432 29472 
30219 30906 31611 35470 36043 37317 37448 39089 40848 40879 43583 44343 45254 45993 46449 
46852 48154 48889 51173 51738 52738 53064 53716 54685 55204 55886 57005 57064 57123 58215 
58505 58772 64301 64656 66530 66644 68106 69310 69710 70157 71517 71588 71592 73401 73775 
73868 74323 74751 75893 75990 76550 78417 78452 78639 80667 81116 81175 81604 82018 83144 
83405 84018 84477 84952 85105 86111 86463 88254 88515 89238 
Time to Sort: 0.001
@luke-brous ➜ /workspaces/dsa (main) $ ^C

@luke-brous ➜ /workspaces/dsa (main) $  cd /workspaces/dsa ; /usr/bin/env /usr/local/sdkman/candidates/java/17.0.17-ms/bin/java @/tmp/cp_8lo3hfpvr7dvye0el3mxs52ct.argfile MergeSort 
Enter size of array to sort: 5000
Do you want to see the sorted array? (y/n): n
87 155 165 351 758 864 1152 1263 1452 1746 2118 2177 2596 2796 3519 
3652 3660 4476 4676 5039 5708 6193 7009 7124 7694 8327 8453 8534 8929 8991 
9105 9547 9613 9623 9650 10072 10180 10260 10287 10496 11139 11574 11667 11936 12095 
12192 12212 12474 12931 13185 13358 13648 13654 13755 13760 13773 14111 14326 14592 14717 
14934 14936 14948 14969 15044 15051 15113 15140 15143 15150 15330 15359 15740 16113 16353 
16616 16778 17182 17482 17817 17967 17968 18141 18613 19459 19910 20231 20391 20407 21012 
21220 21774 21805 21842 21951 22015 22116 22132 22144 22618 
Time to Sort: 0.001
@luke-brous ➜ /workspaces/dsa (main) $ ^C

@luke-brous ➜ /workspaces/dsa (main) $  cd /workspaces/dsa ; /usr/bin/env /usr/local/sdkman/candidates/java/17.0.17-ms/bin/java @/tmp/cp_8lo3hfpvr7dvye0el3mxs52ct.argfile MergeSort 
Enter size of array to sort: 10000
Do you want to see the sorted array? (y/n): n
640 802 804 913 1226 1265 1281 1460 1631 1973 2001 2178 2327 2386 2626 
2677 2706 2902 3113 3118 3198 3298 3369 3394 3461 3544 3605 3674 3775 3957 
4118 4134 4256 4290 4332 4473 4662 5081 5161 5164 5212 5225 5254 5278 5397 
5513 5548 6053 6067 6435 6464 6482 6512 6790 6917 7060 7174 7228 7358 7532 
7659 7845 8184 8232 8486 8576 8710 8789 8856 8955 8996 9095 9124 9235 9256 
9264 9526 9743 9752 9859 9868 9901 10001 10019 10122 10243 10300 10455 10556 10559 
10638 10982 10990 10994 11006 11031 11112 11166 11303 11334 
Time to Sort: 0.003
@luke-brous ➜ /workspaces/dsa (main) $ ^C

@luke-brous ➜ /workspaces/dsa (main) $  cd /workspaces/dsa ; /usr/bin/env /usr/local/sdkman/candidates/java/17.0.17-ms/bin/java @/tmp/cp_8lo3hfpvr7dvye0el3mxs52ct.argfile MergeSort 
Enter size of array to sort: 50000
Do you want to see the sorted array? (y/n): n
73 80 83 131 173 177 179 214 235 245 286 290 292 301 311 
346 379 494 496 536 567 603 623 671 681 697 734 737 741 755 
762 769 772 773 797 821 833 848 861 873 907 981 998 1029 1055 
1087 1094 1106 1141 1175 1182 1210 1261 1268 1275 1281 1285 1324 1345 1359 
1371 1392 1401 1434 1434 1453 1528 1535 1538 1556 1562 1567 1630 1646 1651 
1686 1714 1813 1836 1874 1897 1912 1928 1953 1964 1980 2025 2028 2029 2057 
2067 2151 2164 2169 2193 2203 2217 2225 2231 2271 
Time to Sort: 0.017
@luke-brous ➜ /workspaces/dsa (main) $ ^C

@luke-brous ➜ /workspaces/dsa (main) $  cd /workspaces/dsa ; /usr/bin/env /usr/local/sdkman/candidates/java/17.0.17-ms/bin/java @/tmp/cp_8lo3hfpvr7dvye0el3mxs52ct.argfile MergeSort 
Enter size of array to sort: 100000
Do you want to see the sorted array? (y/n): n
5 7 17 21 28 55 87 89 114 123 140 143 150 155 158 
161 168 169 169 204 229 251 271 273 277 278 318 328 357 359 
376 381 385 388 388 415 430 448 448 460 461 482 482 511 518 
525 547 556 586 590 605 607 609 617 639 640 641 642 676 677 
703 708 712 718 724 724 740 746 752 762 763 771 782 788 791 
792 792 808 850 853 860 874 876 897 912 912 940 945 947 951 
954 957 979 980 982 982 984 997 1005 1013 
Time to Sort: 0.03
@luke-brous ➜ /workspaces/dsa (main) $ ^C

@luke-brous ➜ /workspaces/dsa (main) $  cd /workspaces/dsa ; /usr/bin/env /usr/local/sdkman/candidates/java/17.0.17-ms/bin/java @/tmp/cp_8lo3hfpvr7dvye0el3mxs52ct.argfile MergeSort 
Enter size of array to sort: 500000
Do you want to see the sorted array? (y/n): n
4 12 14 17 20 20 20 29 31 34 36 41 44 45 48 
53 54 58 63 66 66 67 68 70 71 72 82 84 98 100 
102 104 108 110 111 114 119 122 124 126 126 128 129 135 137 
138 141 141 142 144 145 146 146 147 147 148 151 151 152 156 
156 157 158 159 160 162 162 162 167 168 170 170 171 172 181 
183 183 183 188 188 189 190 191 193 198 199 200 202 202 203 
203 207 208 208 209 209 213 216 219 221 
Time to Sort: 0.082
@luke-brous ➜ /workspaces/dsa (main) $ 1000000
bash: 1000000: command not found
@luke-brous ➜ /workspaces/dsa (main) $ ^C

@luke-brous ➜ /workspaces/dsa (main) $  cd /workspaces/dsa ; /usr/bin/env /usr/local/sdkman/candidates/java/17.0.17-ms/bin/java @/tmp/cp_8lo3hfpvr7dvye0el3mxs52ct.argfile MergeSort 
Enter size of array to sort: 1000000
Do you want to see the sorted array? (y/n): n
0 1 1 2 2 3 3 4 4 6 6 6 7 7 8 
10 15 15 17 17 18 19 19 23 24 24 25 26 26 29 
29 30 30 30 31 32 38 40 42 43 44 44 50 50 50 
51 55 55 56 56 60 61 61 62 63 64 64 65 66 68 
68 69 70 71 71 72 73 73 76 76 77 78 79 79 81 
81 82 82 84 85 86 86 88 91 91 91 91 91 92 94 
95 96 97 98 99 99 100 100 101 101 
Time to Sort: 0.137


Output for SelectionSort:

@luke-brous ➜ /workspaces/dsa (main) $  cd /workspaces/dsa ; /usr/bin/env /usr/local/sdkman/candidates/java/17.0.17-ms/bin/java @/tmp/cp_8lo3hfpvr7dvye0el3mxs52ct.argfile SelectionSort 
Enter size of array to sort: 1000
Do you want to see the sorted array? (y/n): n
2312 3385 5805 8787 9067 9504 11031 11250 11412 12771 14016 15765 16091 16705 17074 
18152 18907 19788 20052 21803 22195 22783 22986 24789 25671 26173 26536 27562 27940 28800 
29755 29799 30538 32301 35853 36072 37282 37494 38917 41292 41619 42350 42422 42462 42992 
43920 44944 45075 45856 48947 49129 50317 50815 51003 53790 53808 53860 54143 54915 55424 
56345 56680 57037 60043 61620 62003 62309 62632 63014 63889 67258 67658 67754 68282 69607 
70200 71569 72008 72162 72213 73458 74944 75278 76038 78634 78977 80047 80098 80157 80497 
82491 83687 84907 89331 89762 90214 90401 91147 92667 93636 
Time to Sort: 0.006
@luke-brous ➜ /workspaces/dsa (main) $ ^C

@luke-brous ➜ /workspaces/dsa (main) $  cd /workspaces/dsa ; /usr/bin/env /usr/local/sdkman/candidates/java/17.0.17-ms/bin/java @/tmp/cp_8lo3hfpvr7dvye0el3mxs52ct.argfile SelectionSort 
Enter size of array to sort: 5000
Do you want to see the sorted array? (y/n): n
479 849 1123 1145 1188 1387 1574 1650 1718 1811 2037 2094 2140 2276 2318 
2524 2872 3314 3318 3607 3869 4184 4394 4398 4655 4990 5058 5305 5881 6554 
6874 7016 7067 7274 7755 7844 8053 8226 8243 8385 8673 8770 8840 8938 8954 
9038 9096 9103 9225 9316 9329 9330 9618 9785 9883 10470 10654 10836 11150 11243 
11550 11626 11744 12124 12194 12656 12993 13046 13270 13547 13750 13762 13903 15174 15446 
15787 16199 16719 16810 16834 17010 17493 17546 17569 17602 17655 18082 18421 18555 18596 
18615 19385 19466 19536 19861 20327 20382 20469 20483 20546 
Time to Sort: 0.015
@luke-brous ➜ /workspaces/dsa (main) $ ^C

@luke-brous ➜ /workspaces/dsa (main) $  cd /workspaces/dsa ; /usr/bin/env /usr/local/sdkman/candidates/java/17.0.17-ms/bin/java @/tmp/cp_8lo3hfpvr7dvye0el3mxs52ct.argfile SelectionSort 
Enter size of array to sort: 10000
Do you want to see the sorted array? (y/n): n
69 83 108 147 303 403 874 906 927 1004 1040 1238 1392 1533 1568 
1695 2260 2411 2482 2500 2782 2783 2793 2881 2932 2964 3085 3291 3293 3358 
3375 3486 3660 3804 3825 3906 3935 4028 4077 4091 4106 4237 4374 4425 4746 
4800 4827 4916 5032 5056 5480 5551 5558 5813 6044 6160 6366 6470 6477 6514 
6539 6633 6692 6723 6835 6966 6992 7279 7411 7421 7967 8369 8409 8444 8678 
8740 8758 8865 9088 9140 9336 9372 9410 9553 9584 9658 9684 9715 9863 9937 
9963 9981 10030 10194 10309 10465 10532 10590 10745 10780 
Time to Sort: 0.032
@luke-brous ➜ /workspaces/dsa (main) $ ^C

@luke-brous ➜ /workspaces/dsa (main) $  cd /workspaces/dsa ; /usr/bin/env /usr/local/sdkman/candidates/java/17.0.17-ms/bin/java @/tmp/cp_8lo3hfpvr7dvye0el3mxs52ct.argfile SelectionSort 
Enter size of array to sort: 50000
Do you want to see the sorted array? (y/n): n
25 43 98 101 113 141 149 168 171 178 180 181 239 243 244 
255 256 262 310 310 318 319 334 338 339 352 360 381 393 439 
467 481 489 498 516 539 548 560 567 572 611 629 644 645 690 
692 695 704 737 751 759 777 793 831 880 896 898 952 957 980 
985 998 1008 1019 1027 1045 1092 1138 1202 1205 1229 1231 1236 1299 1323 
1346 1358 1373 1375 1407 1427 1438 1443 1452 1474 1488 1520 1527 1530 1546 
1549 1573 1589 1595 1604 1615 1615 1632 1638 1668 
Time to Sort: 0.607
@luke-brous ➜ /workspaces/dsa (main) $ ^C

@luke-brous ➜ /workspaces/dsa (main) $  cd /workspaces/dsa ; /usr/bin/env /usr/local/sdkman/candidates/java/17.0.17-ms/bin/java @/tmp/cp_8lo3hfpvr7dvye0el3mxs52ct.argfile SelectionSort 
Enter size of array to sort: 100000
Do you want to see the sorted array? (y/n): n
11 14 23 31 37 38 45 55 77 82 85 96 104 110 159 
162 191 202 213 217 218 236 238 244 261 271 288 293 304 317 
323 341 347 360 368 380 383 404 409 413 418 482 511 521 522 
522 529 561 574 591 597 599 604 620 626 631 637 642 647 651 
663 667 668 675 686 697 700 702 712 713 734 750 789 797 799 
810 818 822 828 831 850 853 863 875 889 894 896 898 906 916 
926 938 938 940 990 998 1001 1023 1025 1040 
Time to Sort: 2.542
@luke-brous ➜ /workspaces/dsa (main) $ ^C

@luke-brous ➜ /workspaces/dsa (main) $  cd /workspaces/dsa ; /usr/bin/env /usr/local/sdkman/candidates/java/17.0.17-ms/bin/java @/tmp/cp_8lo3hfpvr7dvye0el3mxs52ct.argfile SelectionSort 
Enter size of array to sort: 500000
Do you want to see the sorted array? (y/n): n
0 1 1 2 3 5 6 6 7 9 12 15 16 16 19 
21 21 24 25 25 25 26 26 28 28 29 37 38 40 40 
40 45 46 48 48 49 58 60 61 63 63 69 71 72 72 
73 74 74 75 78 79 83 85 92 93 96 100 100 101 106 
107 108 119 119 122 127 127 129 131 134 134 137 139 140 144 
144 146 146 147 149 152 152 154 155 155 159 173 180 182 182 
187 192 192 192 192 193 199 199 203 203 
Time to Sort: 48.804
@luke-brous ➜ /workspaces/dsa (main) $ ^C

@luke-brous ➜ /workspaces/dsa (main) $  cd /workspaces/dsa ; /usr/bin/env /usr/local/sdkman/candidates/java/17.0.17-ms/bin/java @/tmp/cp_8lo3hfpvr7dvye0el3mxs52ct.argfile SelectionSort 
Enter size of array to sort: 1000000
Do you want to see the sorted array? (y/n): n
0 0 4 8 10 10 11 12 13 13 14 16 16 16 18 
19 20 22 22 22 23 23 24 27 28 28 28 29 29 31 
31 36 36 38 39 39 42 44 44 46 47 49 51 51 51 
51 54 57 58 58 59 60 61 62 63 64 64 64 65 66 
67 68 68 68 69 69 71 71 71 74 74 75 76 76 76 
80 81 82 84 86 87 87 87 88 90 92 96 96 98 100 
102 103 104 104 104 105 106 107 111 112 
Time to Sort: 196.393